[99, 673, 953, 13249]
[8.953972816467285, 4.221832036972046, 4.352054786682129, 2.830361747741699]
[0.014620805978775025, 0.015391048192977905, 0.012240744829177856, 0.015601224899291992]
[2.924161195755005, 3.078209638595581, 2.4481489658355713, 3.1202449798583984]

[90, 615, 900, 13152]
[2.6428601264953615, 2.05148069858551, 1.793334674835205, 2.1587281703948973]
[0.030465019941329954, 0.06318983435630798, 0.030327517986297608, 0.0633585011959076]
[6.093003988265991, 12.637966871261597, 6.0655035972595215, 12.671700239181519]


