[449, 1173, 4353, 16449]
[2.9995296001434326, 3.2501893838246665, 3.1846652030944824, 3.56784717241923]
[0.007920032739639283, 0.007316931486129761, 0.00599770188331604, 0.007698642015457153]
[1.5840065479278564, 1.4633862972259521, 1.199540376663208, 1.5397284030914307]

[465, 1365, 4650, 17952]
[2.760502020517985, 2.9760340054829917, 2.7100203037261963, 2.995518525441488]
[0.014538506269454956, 0.02944563388824463, 0.015620784759521484, 0.030337417125701906]
[2.907701253890991, 5.889126777648926, 3.124156951904297, 6.067483425140381]

