[407, 1113, 3945, 16065]
[86.2249395308956, 84.65819629546135, 85.50296660392515, 79.5637796463505]
[0.15881190657615663, 0.19670091509819032, 0.15687151074409486, 0.1994561266899109]
[31.762381315231323, 39.34018301963806, 31.37430214881897, 39.89122533798218]

[420, 1275, 4200, 17376]
[89.46631911493117, 93.67396828436083, 81.23605881967852, 80.95076493294009]
[0.38725839972496034, 0.7720934283733368, 0.38885576009750367, 0.7990560412406922]
[77.45167994499207, 154.41868567466736, 77.77115201950073, 159.81120824813843]


alt
[407, 1113, 3945, 16065]
[86.80955000846616, 83.87831915578535, 85.58725572401478, 80.04638259641585]
[0.15587222695350647, 0.19503755688667299, 0.15364668488502503, 0.19304952502250672]
[31.174445390701294, 39.007511377334595, 30.729336977005005, 38.60990500450134]

[420, 1275, 4200, 17376]
[86.8275511956984, 91.43501392487556, 80.05057193386939, 84.83876960508285]
[0.3788995027542114, 0.7724010026454926, 0.3826230204105377, 0.782091646194458]
[75.77990055084229, 154.4802005290985, 76.52460408210754, 156.4183292388916]

