[99, 673, 953, 13249]
[5335.287935582603, 4874.73906130907, 4968.489810106231, 4557.077413419398]
[0.4082947337627411, 0.5181684291362763, 0.40318201303482054, 0.5139129114151001]
[81.65894675254822, 103.63368582725525, 80.63640260696411, 102.78258228302002]

[90, 615, 900, 13152]
[4758.490864079173, 4545.561389457889, 4452.172623797161, 4235.403539145865]
[1.0116531682014465, 2.077104617357254, 1.008453025817871, 2.0733978617191315]
[202.3306336402893, 415.4209234714508, 201.69060516357422, 414.6795723438263]

