[127, 713, 1225, 13505]
[5.954068422317505, 2.931940197944641, 3.0503631830215454, 2.7799218893051147]
[0.005555624961853027, 0.004247587919235229, 0.0033029758930206298, 0.004204714298248291]
[1.1111249923706055, 0.8495175838470459, 0.660595178604126, 0.8409428596496582]

[120, 675, 1200, 13536]
[3.096946954727173, 2.3696961402893066, 2.5141170024871826, 2.202106535434723]
[0.00818900227546692, 0.01695129871368408, 0.008226286172866821, 0.01706475853919983]
[1.6378004550933838, 3.3902597427368164, 1.6452572345733643, 3.412951707839966]

